帖子名称：2025-04-03_00.54.35_59859ea55e87e7754ead5629_是谁拥有了自己的日本小人插画！
图片数量：18
Image                | Emotion Score  | IQA Avg    | NIMA Mean  | NIMA Std  
---------------------------------------------------------------------------
1-1.png              |         0.7010 |     0.7536 |     5.6375 |     1.5069
1-2.png              |         0.6893 |     0.6933 |     4.5810 |     1.5022
2-1.png              |         0.7008 |     0.8259 |     5.6935 |     1.4476
2-2.png              |         0.7555 |     0.7442 |     5.0410 |     1.4871
3-1.png              |         0.6323 |     0.8217 |     4.6635 |     1.2051
3-2.png              |         0.7736 |     0.7123 |     5.2092 |     1.5415
4-1.png              |         0.7052 |     0.7776 |     5.1282 |     1.4031
4-2.png              |         0.7105 |     0.7406 |     4.9147 |     1.5279
5-1.png              |         0.6713 |     0.7959 |     5.4586 |     1.4783
5-2.png              |         0.7265 |     0.8298 |     5.1219 |     1.5522
6-1.png              |         0.7706 |     0.7777 |     5.4385 |     1.4164
6-2.png              |         0.7323 |     0.6368 |     4.8815 |     1.5095
7-1.png              |         0.8082 |     0.8367 |     5.3369 |     1.4479
7-2.png              |         0.7838 |     0.7746 |     5.2607 |     1.5779
8-1.png              |         0.7435 |     0.6312 |     5.1686 |     1.5654
8-2.png              |         0.7640 |     0.7534 |     5.4085 |     1.4312
9-1.png              |         0.7938 |     0.7694 |     5.2882 |     1.4988
9-2.png              |         0.7077 |     0.7622 |     4.9347 |     1.4860
